15401002
15103224
15102160
15803009
13501842
15609038
15301002
13302276
15103334
15103218
15104030
15102220
15102187
15103368
15101082
14316138
14103317
14102253
15802016
14303020
13501839
13101032
15318006
13303031
14303032
15102256
13102341
14102225
15102226
15101004
15101077
15317020
15103060
15103030
15103094
14301302
15317024
15103160
15103088
15803022
14103037
14317177
15103154
15103282
15609031
15413002
15102062
15316023
15609002
13609064
13609002
15102032
13305157
14102095
14401012
12101050
12101002
12502911
12101037
12103623
12104706
12502917
12103427
12411604
12401105
12101031
