15316026
15316027
15316028
15316029
15316030
15316031
15317001
15317002
15317003
15317004
15317005
15317006
15317007
15317008
15317009
15317010
15317011
15317012
15317013
15317014
15317015
15317016
15317017
15317018
15317019
15317020
15317021
15317022
15317023
15317024
15317025
15317026
15317027
15318001
15318002
15318003
15318004
15318005
15318006
15318007
15318008
15318009
15318010
15318011
15318012
15318013
15318014
15318015
15609001
15609002
15609003
15609004
15609005
15609006
15609007
15609008
15609009
15609010
15609011
15609012
15609013
15609014
15609015
15609016
15609017
15609018
15609019
15609020
15609021
15609022
15609023
15609025
15609026
15609027
15609028
15609029
15609030
15609031
15609033
15609034
15609035
15609036
15609037